<!DOCTYPE html>
<html lang="" xml:lang="">
  <head>
    <title>Multivariate Analysis</title>
    <meta charset="utf-8" />
    <meta name="author" content="Stéphane Dray" />
    <meta name="date" content="2021-09-23" />
    <script src="libs/header-attrs/header-attrs.js"></script>
    <script src="libs/htmlwidgets/htmlwidgets.js"></script>
    <script src="libs/rglWebGL-binding/rglWebGL.js"></script>
    <link href="libs/rglwidgetClass/rgl.css" rel="stylesheet" />
    <script src="libs/rglwidgetClass/rglClass.src.js"></script>
    <script src="libs/rglwidgetClass/utils.src.js"></script>
    <script src="libs/rglwidgetClass/subscenes.src.js"></script>
    <script src="libs/rglwidgetClass/shaders.src.js"></script>
    <script src="libs/rglwidgetClass/textures.src.js"></script>
    <script src="libs/rglwidgetClass/projection.src.js"></script>
    <script src="libs/rglwidgetClass/mouse.src.js"></script>
    <script src="libs/rglwidgetClass/init.src.js"></script>
    <script src="libs/rglwidgetClass/pieces.src.js"></script>
    <script src="libs/rglwidgetClass/draw.src.js"></script>
    <script src="libs/rglwidgetClass/controls.src.js"></script>
    <script src="libs/rglwidgetClass/selection.src.js"></script>
    <script src="libs/rglwidgetClass/rglTimer.src.js"></script>
    <script src="libs/rglwidgetClass/pretty.src.js"></script>
    <script src="libs/rglwidgetClass/axes.src.js"></script>
    <script src="libs/CanvasMatrix4/CanvasMatrix.src.js"></script>
    <link rel="stylesheet" href="custom.css" type="text/css" />
    <link rel="stylesheet" href="xaringan-themer.css" type="text/css" />
  </head>
  <body>
    <textarea id="source">
class: center, middle, inverse, title-slide

# Multivariate Analysis
## Introduction &amp; PCA
### Stéphane Dray
### 2021-09-23

---

$$
%center text/code
\newcommand{\bcenter}{\begin{center}}
\newcommand{\ecenter}{\end{center}}
$$

$$
\newcommand{\bm}[1]{\boldsymbol{\mathbf{#1}}}
\newcommand{\tr}{\hspace{-0.05cm}^{\top}\hspace{-0.05cm}}% transpose d'une matrice
\newcommand{\mb}[1]{\mathbf{#1}}
\newcommand{\pt}{\mathsmaller \bullet}% petit point pour les indices
$$


$$
\newcommand{\triplet}[3]{
% pour ecrire un triplet dans le texte
$\left ( #1, #2, #3 \right )$
}
$$

$$
\newcommand{\sqnorm}[2]{
%norme au carré
\lVert  #1 \rVert^2_{#2}
}
$$

$$
\newcommand{\norm}[2]{
%norme
 \lVert #1 \rVert_{#2}
}
$$





---
class: center, inverse

# Introduction

---

## Multivariate data 

We consider cases where several variables are measured for a number of individuals 

.pull-left[
&lt;img src="img/onetable.png" width="156" style="display: block; margin: auto;" /&gt;
]

.pull-right[
`\(n\)` statistical units x `\(p\)` variables

Examples in ecology

* individuals x traits
* species x traits
* sites x species
* sites x environment

]


```r
library(ade4)
data(doubs)
names(doubs$env)
```

```
##  [1] "dfs" "alt" "slo" "flo" "pH"  "har" "pho" "nit" "amm" "oxy" "bdo"
```

---
## Univariate analysis

.pull-left[

```r
summary(doubs$env$slo)
```

```
##    Min. 1st Qu.  Median    Mean 3rd Qu.    Max. 
##   1.099   1.831   2.565   2.758   3.390   6.176
```

```r
mean(doubs$env$slo)
```

```
## [1] 2.757733
```

```r
var(doubs$env$slo)
```

```
## [1] 1.16724
```
]

.pull-right[

```r
hist(doubs$env$slo)
```

&lt;img src="fig/unnamed-chunk-4-1.svg" style="display: block; margin: auto;" /&gt;
]

---
## Bivariate analysis

.pull-left[

```r
cov(doubs$env$slo, doubs$env$nit)
```

```
## [1] -93.28123
```

```r
cor(doubs$env$slo, doubs$env$nit)
```

```
## [1] -0.6108798
```
]

.pull-right[

```r
plot(doubs$env$slo, doubs$env$nit)
```

&lt;img src="fig/unnamed-chunk-6-1.svg" style="display: block; margin: auto;" /&gt;
]
---
## Pairwise analysis


```r
pairs(doubs$env)
```

&lt;img src="fig/unnamed-chunk-7-1.svg" style="display: block; margin: auto;" /&gt;
---
## Pairwise analysis


```r
round(cor(doubs$env), 2)
```

```
##       dfs   alt   slo   flo    pH   har   pho   nit   amm   oxy   bdo
## dfs  1.00 -0.94 -0.76  0.95  0.00  0.70  0.48  0.75  0.41 -0.51  0.40
## alt -0.94  1.00  0.76 -0.87 -0.04 -0.74 -0.44 -0.76 -0.38  0.36 -0.34
## slo -0.76  0.76  1.00 -0.72 -0.27 -0.65 -0.40 -0.61 -0.35  0.46 -0.32
## flo  0.95 -0.87 -0.72  1.00  0.02  0.70  0.39  0.61  0.29 -0.36  0.25
## pH   0.00 -0.04 -0.27  0.02  1.00  0.09 -0.08 -0.05 -0.12  0.18 -0.15
## har  0.70 -0.74 -0.65  0.70  0.09  1.00  0.36  0.51  0.29 -0.38  0.34
## pho  0.48 -0.44 -0.40  0.39 -0.08  0.36  1.00  0.80  0.97 -0.72  0.89
## nit  0.75 -0.76 -0.61  0.61 -0.05  0.51  0.80  1.00  0.80 -0.63  0.64
## amm  0.41 -0.38 -0.35  0.29 -0.12  0.29  0.97  0.80  1.00 -0.72  0.89
## oxy -0.51  0.36  0.46 -0.36  0.18 -0.38 -0.72 -0.63 -0.72  1.00 -0.84
## bdo  0.40 -0.34 -0.32  0.25 -0.15  0.34  0.89  0.64  0.89 -0.84  1.00
```
---
## Multivariate analysis

Avoid pairwise analysis to provide a global summary of the full data set. The objective is to answer simultaneously both questions:


- what are the main similarities and differences between the individuals ?
- what are the main relationships between the variables ?

Multivariate analysis allows to:
- summarize linear relationships between variables
- identify structures among individuals
- reduce the number of variables before new analyses
- replace original variables by new synthetic ones

---
class: center, inverse

# Geometric perspective

---
# Two geometric views

&lt;img src="img/viewpoints.png" width="640" style="display: block; margin: auto;" /&gt;
.pull-left[
In `\(\mathbb{R}^p\)`, what are the main similarities and differences between the individuals ?
]

.pull-right[
In `\(\mathbb{R}^n\)`, what are the main relationships between the variables ?
]
---
## A 3D example (space of individuals)



.pull-left[

```r
tab &lt;- doubs$env[, c(3, 8, 10)]
color &lt;- rainbow(30)
pairs(tab, col = color)
```

&lt;img src="fig/unnamed-chunk-10-1.svg" style="display: block; margin: auto;" /&gt;
]



.pull-right[

```r
source("../../R/3D-utils.R")
plot3d(tab, type = "s", col = color)
```

<div id="rgl12899" style="width:288px;height:288px;" class="rglWebGL html-widget"></div>
<script type="application/json" data-for="rgl12899">{"x":{"material":{"color":"#000000","alpha":1,"lit":true,"ambient":"#000000","specular":"#FFFFFF","emission":"#000000","shininess":50,"smooth":true,"front":"filled","back":"filled","size":3,"lwd":1,"fog":true,"point_antialias":false,"line_antialias":false,"texture":null,"textype":"rgb","texmipmap":false,"texminfilter":"linear","texmagfilter":"linear","texenvmap":false,"depth_mask":true,"depth_test":"less","isTransparent":false,"polygon_offset":[0,0],"margin":"","floating":false},"rootSubscene":12901,"objects":{"14349":{"id":14349,"type":"clipplanes","offsets":[[1.27017056941986],[1.27017056941986],[1.27017056941986],[1.27017056941986],[1.27017056941986],[1.27017056941986]],"normals":[[1,0,0],[-1,0,0],[0,1,0],[0,-1,0],[0,0,1],[0,0,-1]],"flags":512},"14350":{"id":14350,"type":"lines","material":{"lit":false},"vertices":[[-1.15470051765442,-0.577350258827209,-1.14501106739044],[-1.15470051765442,-0.577350258827209,-1.14501106739044],[1.09460830688477,0.681621193885803,1.15470051765442],[1.09460830688477,0.681621193885803,1.15470051765442]],"colors":[[0,0,0,1]],"centers":[[-1.15470051765442,-0.577350258827209,-1.14501106739044],[1.09460830688477,0.681621193885803,1.15470051765442]],"ignoreExtent":false,"flags":32832},"14405":{"id":14405,"type":"spheres","material":{},"vertices":[[6.17600011825562,20,122],[3.43400001525879,20,103],[3.63800001144409,22,105],[3.49699997901917,21,110],[3.17799997329712,52,80],[3.49699997901917,15,102],[4.20499992370605,15,111],[3.25799989700317,41,70],[2.56500005722046,82,72],[4.60500001907349,75,100],[3.73799991607666,160,115],[2.83299994468689,50,122],[3.09100008010864,52,124],[2.56500005722046,123,123],[1.79200005531311,100,117],[3.04500007629395,200,103],[1.79200005531311,250,102],[2.19700002670288,220,103],[1.79200005531311,220,106],[2.19700002670288,300,103],[2.39800000190735,220,90],[2.70799994468689,162,91],[2.56500005722046,350,63],[1.3860000371933,250,52],[1.79200005531311,620,41],[1.79200005531311,300,62],[2.56500005722046,300,72],[1.3860000371933,400,81],[1.94599997997284,162,90],[1.09899997711182,160,82]],"colors":[[1,0,0,1],[1,0.200000002980232,0,1],[1,0.400000005960464,0,1],[1,0.600000023841858,0,1],[1,0.800000011920929,0,1],[1,1,0,1],[0.800000011920929,1,0,1],[0.600000023841858,1,0,1],[0.400000005960464,1,0,1],[0.200000002980232,1,0,1],[0,1,0,1],[0,1,0.200000002980232,1],[0,1,0.400000005960464,1],[0,1,0.600000023841858,1],[0,1,0.800000011920929,1],[0,1,1,1],[0,0.800000011920929,1,1],[0,0.600000023841858,1,1],[0,0.400000005960464,1,1],[0,0.200000002980232,1,1],[0,0,1,1],[0.200000002980232,0,1,1],[0.400000005960464,0,1,1],[0.600000023841858,0,1,1],[0.800000011920929,0,1,1],[1,0,1,1],[1,0,0.800000011920929,1],[1,0,0.600000023841858,1],[1,0,0.400000005960464,1],[1,0,0.200000002980232,1]],"radii":[[17.6290435791016]],"centers":[[6.17600011825562,20,122],[3.43400001525879,20,103],[3.63800001144409,22,105],[3.49699997901917,21,110],[3.17799997329712,52,80],[3.49699997901917,15,102],[4.20499992370605,15,111],[3.25799989700317,41,70],[2.56500005722046,82,72],[4.60500001907349,75,100],[3.73799991607666,160,115],[2.83299994468689,50,122],[3.09100008010864,52,124],[2.56500005722046,123,123],[1.79200005531311,100,117],[3.04500007629395,200,103],[1.79200005531311,250,102],[2.19700002670288,220,103],[1.79200005531311,220,106],[2.19700002670288,300,103],[2.39800000190735,220,90],[2.70799994468689,162,91],[2.56500005722046,350,63],[1.3860000371933,250,52],[1.79200005531311,620,41],[1.79200005531311,300,62],[2.56500005722046,300,72],[1.3860000371933,400,81],[1.94599997997284,162,90],[1.09899997711182,160,82]],"ignoreExtent":false,"fastTransparency":true,"flags":32771},"14407":{"id":14407,"type":"text","material":{"lit":false,"margin":0,"floating":true,"edge":[0,1,1]},"vertices":[["NaN",4,1]],"colors":[[0,0,0,1]],"texts":[["slo"]],"cex":[[1]],"adj":[[0.5,0.5,0.5]],"centers":[["NaN",4,1]],"family":[["sans"]],"font":[[1]],"ignoreExtent":true,"flags":33808},"14408":{"id":14408,"type":"text","material":{"lit":false,"margin":1,"floating":true,"edge":[1,1,1]},"vertices":[["NaN",4,1]],"colors":[[0,0,0,1]],"texts":[["nit"]],"cex":[[1]],"adj":[[0.5,0.5,0.5]],"centers":[["NaN",4,1]],"family":[["sans"]],"font":[[1]],"ignoreExtent":true,"flags":33808},"14409":{"id":14409,"type":"text","material":{"lit":false,"margin":2,"floating":true,"edge":[1,1,1]},"vertices":[["NaN",4,1]],"colors":[[0,0,0,1]],"texts":[["oxy"]],"cex":[[1]],"adj":[[0.5,0.5,0.5]],"centers":[["NaN",4,1]],"family":[["sans"]],"font":[[1]],"ignoreExtent":true,"flags":33808},"12905":{"id":12905,"type":"light","vertices":[[0,0,1]],"colors":[[1,1,1,1],[1,1,1,1],[1,1,1,1]],"viewpoint":true,"finite":false},"12906":{"id":12906,"type":"background","material":{"lit":false,"back":"lines"},"colors":[[1,1,1,1]],"centers":[[0,0,0]],"sphere":false,"fogtype":"none","fogscale":1,"flags":32768},"14352":{"id":14352,"type":"bboxdeco","material":{"front":"culled","back":"culled"},"colors":[[0,0,0,1]],"axes":{"mode":["none","none","none"],"step":[-1,-1,-1],"nticks":[0,0,0],"marklen":[15,15,15],"expand":[1.02999997138977,1.02999997138977,1.02999997138977]},"draw_front":false},"14406":{"id":14406,"type":"bboxdeco","material":{"front":"lines","back":"lines"},"vertices":[[0,"NA","NA"],[2,"NA","NA"],[4,"NA","NA"],[6,"NA","NA"],["NA",0,"NA"],["NA",100,"NA"],["NA",200,"NA"],["NA",300,"NA"],["NA",400,"NA"],["NA",500,"NA"],["NA",600,"NA"],["NA","NA",0],["NA","NA",20],["NA","NA",40],["NA","NA",60],["NA","NA",80],["NA","NA",100],["NA","NA",120]],"colors":[[0,0,0,1]],"axes":{"mode":["pretty","pretty","pretty"],"step":[2,100,20],"nticks":[5,5,5],"marklen":[15,15,15],"expand":[1.02999997138977,1.02999997138977,1.02999997138977]},"draw_front":true},"12929":{"id":12929,"type":"subscene","par3d":{"antialias":8,"FOV":30,"ignoreExtent":false,"listeners":12901,"mouseMode":{"none":"none","left":"trackball","right":"zoom","middle":"fov","wheel":"pull"},"observer":[0,0,1658.44543457031],"modelMatrix":[[50.9721527099609,0,0,-136.787750244141],[0,0.201277121901512,2.80581116676331,-244.542388916016],[0,-0.553004324436188,1.02123177051544,-1548.61303710938],[0,0,0,1]],"projMatrix":[[3.73205089569092,0,0,0],[0,3.73205089569092,0,0],[0,0,-3.86370325088501,-5978.50390625],[0,0,-1,0]],"skipRedraw":false,"userMatrix":[[1,0,0,0],[0,0.342020143325668,0.939692620785909,0],[0,-0.939692620785909,0.342020143325668,0],[0,0,0,1]],"userProjection":[[1,0,0,0],[0,1,0,0],[0,0,1,0],[0,0,0,1]],"scale":[50.9721527099609,0.588494896888733,2.98588180541992],"viewport":{"x":0,"y":0,"width":1,"height":1},"zoom":1,"bbox":[3.40282346638529e+38,-3.40282346638529e+38,3.40282346638529e+38,-3.40282346638529e+38,3.40282346638529e+38,-3.40282346638529e+38],"windowRect":[120,147,376,403],"family":"sans","font":1,"cex":1,"useFreeType":true,"fontname":"/home/stephane/Documents/R/librairies/rgl/fonts/FreeSans.ttf","maxClipPlanes":8,"glVersion":4.6,"activeSubscene":0},"embeddings":{"viewport":"inherit","projection":"inherit","model":"inherit","mouse":"inherit"},"objects":12905,"parent":12901,"subscenes":[],"flags":256},"12956":{"id":12956,"type":"subscene","par3d":{"antialias":8,"FOV":30,"ignoreExtent":false,"listeners":12901,"mouseMode":{"none":"none","left":"trackball","right":"zoom","middle":"fov","wheel":"pull"},"observer":[0,0,1658.44543457031],"modelMatrix":[[50.9721527099609,0,0,-136.787750244141],[0,0.201277121901512,2.80581116676331,-244.542388916016],[0,-0.553004324436188,1.02123177051544,-1548.61303710938],[0,0,0,1]],"projMatrix":[[3.73205089569092,0,0,0],[0,3.73205089569092,0,0],[0,0,-3.86370325088501,-5978.50390625],[0,0,-1,0]],"skipRedraw":false,"userMatrix":[[1,0,0,0],[0,0.342020143325668,0.939692620785909,0],[0,-0.939692620785909,0.342020143325668,0],[0,0,0,1]],"userProjection":[[1,0,0,0],[0,1,0,0],[0,0,1,0],[0,0,0,1]],"scale":[50.9721527099609,0.588494896888733,2.98588180541992],"viewport":{"x":0,"y":0,"width":1,"height":1},"zoom":1,"bbox":[3.40282346638529e+38,-3.40282346638529e+38,3.40282346638529e+38,-3.40282346638529e+38,3.40282346638529e+38,-3.40282346638529e+38],"windowRect":[120,147,376,403],"family":"sans","font":1,"cex":1,"useFreeType":true,"fontname":"/home/stephane/Documents/R/librairies/rgl/fonts/FreeSans.ttf","maxClipPlanes":8,"glVersion":4.6,"activeSubscene":0},"embeddings":{"viewport":"inherit","projection":"inherit","model":"inherit","mouse":"inherit"},"objects":12905,"parent":12901,"subscenes":[],"flags":256},"13025":{"id":13025,"type":"subscene","par3d":{"antialias":8,"FOV":30,"ignoreExtent":false,"listeners":12901,"mouseMode":{"none":"none","left":"trackball","right":"zoom","middle":"fov","wheel":"pull"},"observer":[0,0,1658.44543457031],"modelMatrix":[[50.9721527099609,0,0,-136.787750244141],[0,0.201277121901512,2.80581116676331,-244.542388916016],[0,-0.553004324436188,1.02123177051544,-1548.61303710938],[0,0,0,1]],"projMatrix":[[3.73205089569092,0,0,0],[0,3.73205089569092,0,0],[0,0,-3.86370325088501,-5978.50390625],[0,0,-1,0]],"skipRedraw":false,"userMatrix":[[1,0,0,0],[0,0.342020143325668,0.939692620785909,0],[0,-0.939692620785909,0.342020143325668,0],[0,0,0,1]],"userProjection":[[1,0,0,0],[0,1,0,0],[0,0,1,0],[0,0,0,1]],"scale":[50.9721527099609,0.588494896888733,2.98588180541992],"viewport":{"x":0,"y":0,"width":1,"height":1},"zoom":1,"bbox":[3.40282346638529e+38,-3.40282346638529e+38,3.40282346638529e+38,-3.40282346638529e+38,3.40282346638529e+38,-3.40282346638529e+38],"windowRect":[120,147,376,403],"family":"sans","font":1,"cex":1,"useFreeType":true,"fontname":"/home/stephane/Documents/R/librairies/rgl/fonts/FreeSans.ttf","maxClipPlanes":8,"glVersion":4.6,"activeSubscene":0},"embeddings":{"viewport":"inherit","projection":"inherit","model":"inherit","mouse":"inherit"},"objects":12905,"parent":12901,"subscenes":[],"flags":256},"13064":{"id":13064,"type":"subscene","par3d":{"antialias":8,"FOV":30,"ignoreExtent":false,"listeners":12901,"mouseMode":{"none":"none","left":"trackball","right":"zoom","middle":"fov","wheel":"pull"},"observer":[0,0,1658.44543457031],"modelMatrix":[[50.9721527099609,0,0,-136.787750244141],[0,0.201277121901512,2.80581116676331,-244.542388916016],[0,-0.553004324436188,1.02123177051544,-1548.61303710938],[0,0,0,1]],"projMatrix":[[3.73205089569092,0,0,0],[0,3.73205089569092,0,0],[0,0,-3.86370325088501,-5978.50390625],[0,0,-1,0]],"skipRedraw":false,"userMatrix":[[1,0,0,0],[0,0.342020143325668,0.939692620785909,0],[0,-0.939692620785909,0.342020143325668,0],[0,0,0,1]],"userProjection":[[1,0,0,0],[0,1,0,0],[0,0,1,0],[0,0,0,1]],"scale":[50.9721527099609,0.588494896888733,2.98588180541992],"viewport":{"x":0,"y":0,"width":1,"height":1},"zoom":1,"bbox":[3.40282346638529e+38,-3.40282346638529e+38,3.40282346638529e+38,-3.40282346638529e+38,3.40282346638529e+38,-3.40282346638529e+38],"windowRect":[120,147,376,403],"family":"sans","font":1,"cex":1,"useFreeType":true,"fontname":"/home/stephane/Documents/R/librairies/rgl/fonts/FreeSans.ttf","maxClipPlanes":8,"glVersion":4.6,"activeSubscene":0},"embeddings":{"viewport":"inherit","projection":"inherit","model":"inherit","mouse":"inherit"},"objects":12905,"parent":12901,"subscenes":[],"flags":256},"13143":{"id":13143,"type":"subscene","par3d":{"antialias":8,"FOV":30,"ignoreExtent":false,"listeners":12901,"mouseMode":{"none":"none","left":"trackball","right":"zoom","middle":"fov","wheel":"pull"},"observer":[0,0,1658.44543457031],"modelMatrix":[[50.9721527099609,0,0,-136.787750244141],[0,0.201277121901512,2.80581116676331,-244.542388916016],[0,-0.553004324436188,1.02123177051544,-1548.61303710938],[0,0,0,1]],"projMatrix":[[3.73205089569092,0,0,0],[0,3.73205089569092,0,0],[0,0,-3.86370325088501,-5978.50390625],[0,0,-1,0]],"skipRedraw":false,"userMatrix":[[1,0,0,0],[0,0.342020143325668,0.939692620785909,0],[0,-0.939692620785909,0.342020143325668,0],[0,0,0,1]],"userProjection":[[1,0,0,0],[0,1,0,0],[0,0,1,0],[0,0,0,1]],"scale":[50.9721527099609,0.588494896888733,2.98588180541992],"viewport":{"x":0,"y":0,"width":1,"height":1},"zoom":1,"bbox":[3.40282346638529e+38,-3.40282346638529e+38,3.40282346638529e+38,-3.40282346638529e+38,3.40282346638529e+38,-3.40282346638529e+38],"windowRect":[120,147,376,403],"family":"sans","font":1,"cex":1,"useFreeType":true,"fontname":"/home/stephane/Documents/R/librairies/rgl/fonts/FreeSans.ttf","maxClipPlanes":8,"glVersion":4.6,"activeSubscene":0},"embeddings":{"viewport":"inherit","projection":"inherit","model":"inherit","mouse":"inherit"},"objects":12905,"parent":12901,"subscenes":[],"flags":256},"13170":{"id":13170,"type":"subscene","par3d":{"antialias":8,"FOV":30,"ignoreExtent":false,"listeners":12901,"mouseMode":{"none":"none","left":"trackball","right":"zoom","middle":"fov","wheel":"pull"},"observer":[0,0,1658.44543457031],"modelMatrix":[[50.9721527099609,0,0,-136.787750244141],[0,0.201277121901512,2.80581116676331,-244.542388916016],[0,-0.553004324436188,1.02123177051544,-1548.61303710938],[0,0,0,1]],"projMatrix":[[3.73205089569092,0,0,0],[0,3.73205089569092,0,0],[0,0,-3.86370325088501,-5978.50390625],[0,0,-1,0]],"skipRedraw":false,"userMatrix":[[1,0,0,0],[0,0.342020143325668,0.939692620785909,0],[0,-0.939692620785909,0.342020143325668,0],[0,0,0,1]],"userProjection":[[1,0,0,0],[0,1,0,0],[0,0,1,0],[0,0,0,1]],"scale":[50.9721527099609,0.588494896888733,2.98588180541992],"viewport":{"x":0,"y":0,"width":1,"height":1},"zoom":1,"bbox":[3.40282346638529e+38,-3.40282346638529e+38,3.40282346638529e+38,-3.40282346638529e+38,3.40282346638529e+38,-3.40282346638529e+38],"windowRect":[120,147,376,403],"family":"sans","font":1,"cex":1,"useFreeType":true,"fontname":"/home/stephane/Documents/R/librairies/rgl/fonts/FreeSans.ttf","maxClipPlanes":8,"glVersion":4.6,"activeSubscene":0},"embeddings":{"viewport":"inherit","projection":"inherit","model":"inherit","mouse":"inherit"},"objects":12905,"parent":12901,"subscenes":[],"flags":256},"13239":{"id":13239,"type":"subscene","par3d":{"antialias":8,"FOV":30,"ignoreExtent":false,"listeners":12901,"mouseMode":{"none":"none","left":"trackball","right":"zoom","middle":"fov","wheel":"pull"},"observer":[0,0,1658.44543457031],"modelMatrix":[[50.9721527099609,0,0,-136.787750244141],[0,0.201277121901512,2.80581116676331,-244.542388916016],[0,-0.553004324436188,1.02123177051544,-1548.61303710938],[0,0,0,1]],"projMatrix":[[3.73205089569092,0,0,0],[0,3.73205089569092,0,0],[0,0,-3.86370325088501,-5978.50390625],[0,0,-1,0]],"skipRedraw":false,"userMatrix":[[1,0,0,0],[0,0.342020143325668,0.939692620785909,0],[0,-0.939692620785909,0.342020143325668,0],[0,0,0,1]],"userProjection":[[1,0,0,0],[0,1,0,0],[0,0,1,0],[0,0,0,1]],"scale":[50.9721527099609,0.588494896888733,2.98588180541992],"viewport":{"x":0,"y":0,"width":1,"height":1},"zoom":1,"bbox":[3.40282346638529e+38,-3.40282346638529e+38,3.40282346638529e+38,-3.40282346638529e+38,3.40282346638529e+38,-3.40282346638529e+38],"windowRect":[120,147,376,403],"family":"sans","font":1,"cex":1,"useFreeType":true,"fontname":"/home/stephane/Documents/R/librairies/rgl/fonts/FreeSans.ttf","maxClipPlanes":8,"glVersion":4.6,"activeSubscene":0},"embeddings":{"viewport":"inherit","projection":"inherit","model":"inherit","mouse":"inherit"},"objects":12905,"parent":12901,"subscenes":[],"flags":256},"13278":{"id":13278,"type":"subscene","par3d":{"antialias":8,"FOV":30,"ignoreExtent":false,"listeners":12901,"mouseMode":{"none":"none","left":"trackball","right":"zoom","middle":"fov","wheel":"pull"},"observer":[0,0,1658.44543457031],"modelMatrix":[[50.9721527099609,0,0,-136.787750244141],[0,0.201277121901512,2.80581116676331,-244.542388916016],[0,-0.553004324436188,1.02123177051544,-1548.61303710938],[0,0,0,1]],"projMatrix":[[3.73205089569092,0,0,0],[0,3.73205089569092,0,0],[0,0,-3.86370325088501,-5978.50390625],[0,0,-1,0]],"skipRedraw":false,"userMatrix":[[1,0,0,0],[0,0.342020143325668,0.939692620785909,0],[0,-0.939692620785909,0.342020143325668,0],[0,0,0,1]],"userProjection":[[1,0,0,0],[0,1,0,0],[0,0,1,0],[0,0,0,1]],"scale":[50.9721527099609,0.588494896888733,2.98588180541992],"viewport":{"x":0,"y":0,"width":1,"height":1},"zoom":1,"bbox":[3.40282346638529e+38,-3.40282346638529e+38,3.40282346638529e+38,-3.40282346638529e+38,3.40282346638529e+38,-3.40282346638529e+38],"windowRect":[120,147,376,403],"family":"sans","font":1,"cex":1,"useFreeType":true,"fontname":"/home/stephane/Documents/R/librairies/rgl/fonts/FreeSans.ttf","maxClipPlanes":8,"glVersion":4.6,"activeSubscene":0},"embeddings":{"viewport":"inherit","projection":"inherit","model":"inherit","mouse":"inherit"},"objects":12905,"parent":12901,"subscenes":[],"flags":256},"13357":{"id":13357,"type":"subscene","par3d":{"antialias":8,"FOV":30,"ignoreExtent":false,"listeners":12901,"mouseMode":{"none":"none","left":"trackball","right":"zoom","middle":"fov","wheel":"pull"},"observer":[0,0,1658.44543457031],"modelMatrix":[[50.9721527099609,0,0,-136.787750244141],[0,0.201277121901512,2.80581116676331,-244.542388916016],[0,-0.553004324436188,1.02123177051544,-1548.61303710938],[0,0,0,1]],"projMatrix":[[3.73205089569092,0,0,0],[0,3.73205089569092,0,0],[0,0,-3.86370325088501,-5978.50390625],[0,0,-1,0]],"skipRedraw":false,"userMatrix":[[1,0,0,0],[0,0.342020143325668,0.939692620785909,0],[0,-0.939692620785909,0.342020143325668,0],[0,0,0,1]],"userProjection":[[1,0,0,0],[0,1,0,0],[0,0,1,0],[0,0,0,1]],"scale":[50.9721527099609,0.588494896888733,2.98588180541992],"viewport":{"x":0,"y":0,"width":1,"height":1},"zoom":1,"bbox":[3.40282346638529e+38,-3.40282346638529e+38,3.40282346638529e+38,-3.40282346638529e+38,3.40282346638529e+38,-3.40282346638529e+38],"windowRect":[120,147,376,403],"family":"sans","font":1,"cex":1,"useFreeType":true,"fontname":"/home/stephane/Documents/R/librairies/rgl/fonts/FreeSans.ttf","maxClipPlanes":8,"glVersion":4.6,"activeSubscene":0},"embeddings":{"viewport":"inherit","projection":"inherit","model":"inherit","mouse":"inherit"},"objects":12905,"parent":12901,"subscenes":[],"flags":256},"13384":{"id":13384,"type":"subscene","par3d":{"antialias":8,"FOV":30,"ignoreExtent":false,"listeners":12901,"mouseMode":{"none":"none","left":"trackball","right":"zoom","middle":"fov","wheel":"pull"},"observer":[0,0,1658.44543457031],"modelMatrix":[[50.9721527099609,0,0,-136.787750244141],[0,0.201277121901512,2.80581116676331,-244.542388916016],[0,-0.553004324436188,1.02123177051544,-1548.61303710938],[0,0,0,1]],"projMatrix":[[3.73205089569092,0,0,0],[0,3.73205089569092,0,0],[0,0,-3.86370325088501,-5978.50390625],[0,0,-1,0]],"skipRedraw":false,"userMatrix":[[1,0,0,0],[0,0.342020143325668,0.939692620785909,0],[0,-0.939692620785909,0.342020143325668,0],[0,0,0,1]],"userProjection":[[1,0,0,0],[0,1,0,0],[0,0,1,0],[0,0,0,1]],"scale":[50.9721527099609,0.588494896888733,2.98588180541992],"viewport":{"x":0,"y":0,"width":1,"height":1},"zoom":1,"bbox":[3.40282346638529e+38,-3.40282346638529e+38,3.40282346638529e+38,-3.40282346638529e+38,3.40282346638529e+38,-3.40282346638529e+38],"windowRect":[120,147,376,403],"family":"sans","font":1,"cex":1,"useFreeType":true,"fontname":"/home/stephane/Documents/R/librairies/rgl/fonts/FreeSans.ttf","maxClipPlanes":8,"glVersion":4.6,"activeSubscene":0},"embeddings":{"viewport":"inherit","projection":"inherit","model":"inherit","mouse":"inherit"},"objects":12905,"parent":12901,"subscenes":[],"flags":256},"13453":{"id":13453,"type":"subscene","par3d":{"antialias":8,"FOV":30,"ignoreExtent":false,"listeners":12901,"mouseMode":{"none":"none","left":"trackball","right":"zoom","middle":"fov","wheel":"pull"},"observer":[0,0,1658.44543457031],"modelMatrix":[[50.9721527099609,0,0,-136.787750244141],[0,0.201277121901512,2.80581116676331,-244.542388916016],[0,-0.553004324436188,1.02123177051544,-1548.61303710938],[0,0,0,1]],"projMatrix":[[3.73205089569092,0,0,0],[0,3.73205089569092,0,0],[0,0,-3.86370325088501,-5978.50390625],[0,0,-1,0]],"skipRedraw":false,"userMatrix":[[1,0,0,0],[0,0.342020143325668,0.939692620785909,0],[0,-0.939692620785909,0.342020143325668,0],[0,0,0,1]],"userProjection":[[1,0,0,0],[0,1,0,0],[0,0,1,0],[0,0,0,1]],"scale":[50.9721527099609,0.588494896888733,2.98588180541992],"viewport":{"x":0,"y":0,"width":1,"height":1},"zoom":1,"bbox":[3.40282346638529e+38,-3.40282346638529e+38,3.40282346638529e+38,-3.40282346638529e+38,3.40282346638529e+38,-3.40282346638529e+38],"windowRect":[120,147,376,403],"family":"sans","font":1,"cex":1,"useFreeType":true,"fontname":"/home/stephane/Documents/R/librairies/rgl/fonts/FreeSans.ttf","maxClipPlanes":8,"glVersion":4.6,"activeSubscene":0},"embeddings":{"viewport":"inherit","projection":"inherit","model":"inherit","mouse":"inherit"},"objects":12905,"parent":12901,"subscenes":[],"flags":256},"13492":{"id":13492,"type":"subscene","par3d":{"antialias":8,"FOV":30,"ignoreExtent":false,"listeners":12901,"mouseMode":{"none":"none","left":"trackball","right":"zoom","middle":"fov","wheel":"pull"},"observer":[0,0,1658.44543457031],"modelMatrix":[[50.9721527099609,0,0,-136.787750244141],[0,0.201277121901512,2.80581116676331,-244.542388916016],[0,-0.553004324436188,1.02123177051544,-1548.61303710938],[0,0,0,1]],"projMatrix":[[3.73205089569092,0,0,0],[0,3.73205089569092,0,0],[0,0,-3.86370325088501,-5978.50390625],[0,0,-1,0]],"skipRedraw":false,"userMatrix":[[1,0,0,0],[0,0.342020143325668,0.939692620785909,0],[0,-0.939692620785909,0.342020143325668,0],[0,0,0,1]],"userProjection":[[1,0,0,0],[0,1,0,0],[0,0,1,0],[0,0,0,1]],"scale":[50.9721527099609,0.588494896888733,2.98588180541992],"viewport":{"x":0,"y":0,"width":1,"height":1},"zoom":1,"bbox":[3.40282346638529e+38,-3.40282346638529e+38,3.40282346638529e+38,-3.40282346638529e+38,3.40282346638529e+38,-3.40282346638529e+38],"windowRect":[120,147,376,403],"family":"sans","font":1,"cex":1,"useFreeType":true,"fontname":"/home/stephane/Documents/R/librairies/rgl/fonts/FreeSans.ttf","maxClipPlanes":8,"glVersion":4.6,"activeSubscene":0},"embeddings":{"viewport":"inherit","projection":"inherit","model":"inherit","mouse":"inherit"},"objects":12905,"parent":12901,"subscenes":[],"flags":256},"13571":{"id":13571,"type":"subscene","par3d":{"antialias":8,"FOV":30,"ignoreExtent":false,"listeners":12901,"mouseMode":{"none":"none","left":"trackball","right":"zoom","middle":"fov","wheel":"pull"},"observer":[0,0,1658.44543457031],"modelMatrix":[[50.9721527099609,0,0,-136.787750244141],[0,0.201277121901512,2.80581116676331,-244.542388916016],[0,-0.553004324436188,1.02123177051544,-1548.61303710938],[0,0,0,1]],"projMatrix":[[3.73205089569092,0,0,0],[0,3.73205089569092,0,0],[0,0,-3.86370325088501,-5978.50390625],[0,0,-1,0]],"skipRedraw":false,"userMatrix":[[1,0,0,0],[0,0.342020143325668,0.939692620785909,0],[0,-0.939692620785909,0.342020143325668,0],[0,0,0,1]],"userProjection":[[1,0,0,0],[0,1,0,0],[0,0,1,0],[0,0,0,1]],"scale":[50.9721527099609,0.588494896888733,2.98588180541992],"viewport":{"x":0,"y":0,"width":1,"height":1},"zoom":1,"bbox":[3.40282346638529e+38,-3.40282346638529e+38,3.40282346638529e+38,-3.40282346638529e+38,3.40282346638529e+38,-3.40282346638529e+38],"windowRect":[120,147,376,403],"family":"sans","font":1,"cex":1,"useFreeType":true,"fontname":"/home/stephane/Documents/R/librairies/rgl/fonts/FreeSans.ttf","maxClipPlanes":8,"glVersion":4.6,"activeSubscene":0},"embeddings":{"viewport":"inherit","projection":"inherit","model":"inherit","mouse":"inherit"},"objects":12905,"parent":12901,"subscenes":[],"flags":256},"13598":{"id":13598,"type":"subscene","par3d":{"antialias":8,"FOV":30,"ignoreExtent":false,"listeners":12901,"mouseMode":{"none":"none","left":"trackball","right":"zoom","middle":"fov","wheel":"pull"},"observer":[0,0,1658.44543457031],"modelMatrix":[[50.9721527099609,0,0,-136.787750244141],[0,0.201277121901512,2.80581116676331,-244.542388916016],[0,-0.553004324436188,1.02123177051544,-1548.61303710938],[0,0,0,1]],"projMatrix":[[3.73205089569092,0,0,0],[0,3.73205089569092,0,0],[0,0,-3.86370325088501,-5978.50390625],[0,0,-1,0]],"skipRedraw":false,"userMatrix":[[1,0,0,0],[0,0.342020143325668,0.939692620785909,0],[0,-0.939692620785909,0.342020143325668,0],[0,0,0,1]],"userProjection":[[1,0,0,0],[0,1,0,0],[0,0,1,0],[0,0,0,1]],"scale":[50.9721527099609,0.588494896888733,2.98588180541992],"viewport":{"x":0,"y":0,"width":1,"height":1},"zoom":1,"bbox":[3.40282346638529e+38,-3.40282346638529e+38,3.40282346638529e+38,-3.40282346638529e+38,3.40282346638529e+38,-3.40282346638529e+38],"windowRect":[120,147,376,403],"family":"sans","font":1,"cex":1,"useFreeType":true,"fontname":"/home/stephane/Documents/R/librairies/rgl/fonts/FreeSans.ttf","maxClipPlanes":8,"glVersion":4.6,"activeSubscene":0},"embeddings":{"viewport":"inherit","projection":"inherit","model":"inherit","mouse":"inherit"},"objects":12905,"parent":12901,"subscenes":[],"flags":256},"13667":{"id":13667,"type":"subscene","par3d":{"antialias":8,"FOV":30,"ignoreExtent":false,"listeners":12901,"mouseMode":{"none":"none","left":"trackball","right":"zoom","middle":"fov","wheel":"pull"},"observer":[0,0,1658.44543457031],"modelMatrix":[[50.9721527099609,0,0,-136.787750244141],[0,0.201277121901512,2.80581116676331,-244.542388916016],[0,-0.553004324436188,1.02123177051544,-1548.61303710938],[0,0,0,1]],"projMatrix":[[3.73205089569092,0,0,0],[0,3.73205089569092,0,0],[0,0,-3.86370325088501,-5978.50390625],[0,0,-1,0]],"skipRedraw":false,"userMatrix":[[1,0,0,0],[0,0.342020143325668,0.939692620785909,0],[0,-0.939692620785909,0.342020143325668,0],[0,0,0,1]],"userProjection":[[1,0,0,0],[0,1,0,0],[0,0,1,0],[0,0,0,1]],"scale":[50.9721527099609,0.588494896888733,2.98588180541992],"viewport":{"x":0,"y":0,"width":1,"height":1},"zoom":1,"bbox":[3.40282346638529e+38,-3.40282346638529e+38,3.40282346638529e+38,-3.40282346638529e+38,3.40282346638529e+38,-3.40282346638529e+38],"windowRect":[120,147,376,403],"family":"sans","font":1,"cex":1,"useFreeType":true,"fontname":"/home/stephane/Documents/R/librairies/rgl/fonts/FreeSans.ttf","maxClipPlanes":8,"glVersion":4.6,"activeSubscene":0},"embeddings":{"viewport":"inherit","projection":"inherit","model":"inherit","mouse":"inherit"},"objects":12905,"parent":12901,"subscenes":[],"flags":256},"13706":{"id":13706,"type":"subscene","par3d":{"antialias":8,"FOV":30,"ignoreExtent":false,"listeners":12901,"mouseMode":{"none":"none","left":"trackball","right":"zoom","middle":"fov","wheel":"pull"},"observer":[0,0,1658.44543457031],"modelMatrix":[[50.9721527099609,0,0,-136.787750244141],[0,0.201277121901512,2.80581116676331,-244.542388916016],[0,-0.553004324436188,1.02123177051544,-1548.61303710938],[0,0,0,1]],"projMatrix":[[3.73205089569092,0,0,0],[0,3.73205089569092,0,0],[0,0,-3.86370325088501,-5978.50390625],[0,0,-1,0]],"skipRedraw":false,"userMatrix":[[1,0,0,0],[0,0.342020143325668,0.939692620785909,0],[0,-0.939692620785909,0.342020143325668,0],[0,0,0,1]],"userProjection":[[1,0,0,0],[0,1,0,0],[0,0,1,0],[0,0,0,1]],"scale":[50.9721527099609,0.588494896888733,2.98588180541992],"viewport":{"x":0,"y":0,"width":1,"height":1},"zoom":1,"bbox":[3.40282346638529e+38,-3.40282346638529e+38,3.40282346638529e+38,-3.40282346638529e+38,3.40282346638529e+38,-3.40282346638529e+38],"windowRect":[120,147,376,403],"family":"sans","font":1,"cex":1,"useFreeType":true,"fontname":"/home/stephane/Documents/R/librairies/rgl/fonts/FreeSans.ttf","maxClipPlanes":8,"glVersion":4.6,"activeSubscene":0},"embeddings":{"viewport":"inherit","projection":"inherit","model":"inherit","mouse":"inherit"},"objects":12905,"parent":12901,"subscenes":[],"flags":256},"13785":{"id":13785,"type":"subscene","par3d":{"antialias":8,"FOV":30,"ignoreExtent":false,"listeners":12901,"mouseMode":{"none":"none","left":"trackball","right":"zoom","middle":"fov","wheel":"pull"},"observer":[0,0,1658.44543457031],"modelMatrix":[[50.9721527099609,0,0,-136.787750244141],[0,0.201277121901512,2.80581116676331,-244.542388916016],[0,-0.553004324436188,1.02123177051544,-1548.61303710938],[0,0,0,1]],"projMatrix":[[3.73205089569092,0,0,0],[0,3.73205089569092,0,0],[0,0,-3.86370325088501,-5978.50390625],[0,0,-1,0]],"skipRedraw":false,"userMatrix":[[1,0,0,0],[0,0.342020143325668,0.939692620785909,0],[0,-0.939692620785909,0.342020143325668,0],[0,0,0,1]],"userProjection":[[1,0,0,0],[0,1,0,0],[0,0,1,0],[0,0,0,1]],"scale":[50.9721527099609,0.588494896888733,2.98588180541992],"viewport":{"x":0,"y":0,"width":1,"height":1},"zoom":1,"bbox":[3.40282346638529e+38,-3.40282346638529e+38,3.40282346638529e+38,-3.40282346638529e+38,3.40282346638529e+38,-3.40282346638529e+38],"windowRect":[120,147,376,403],"family":"sans","font":1,"cex":1,"useFreeType":true,"fontname":"/home/stephane/Documents/R/librairies/rgl/fonts/FreeSans.ttf","maxClipPlanes":8,"glVersion":4.6,"activeSubscene":0},"embeddings":{"viewport":"inherit","projection":"inherit","model":"inherit","mouse":"inherit"},"objects":12905,"parent":12901,"subscenes":[],"flags":256},"13812":{"id":13812,"type":"subscene","par3d":{"antialias":8,"FOV":30,"ignoreExtent":false,"listeners":12901,"mouseMode":{"none":"none","left":"trackball","right":"zoom","middle":"fov","wheel":"pull"},"observer":[0,0,1658.44543457031],"modelMatrix":[[50.9721527099609,0,0,-136.787750244141],[0,0.201277121901512,2.80581116676331,-244.542388916016],[0,-0.553004324436188,1.02123177051544,-1548.61303710938],[0,0,0,1]],"projMatrix":[[3.73205089569092,0,0,0],[0,3.73205089569092,0,0],[0,0,-3.86370325088501,-5978.50390625],[0,0,-1,0]],"skipRedraw":false,"userMatrix":[[1,0,0,0],[0,0.342020143325668,0.939692620785909,0],[0,-0.939692620785909,0.342020143325668,0],[0,0,0,1]],"userProjection":[[1,0,0,0],[0,1,0,0],[0,0,1,0],[0,0,0,1]],"scale":[50.9721527099609,0.588494896888733,2.98588180541992],"viewport":{"x":0,"y":0,"width":1,"height":1},"zoom":1,"bbox":[3.40282346638529e+38,-3.40282346638529e+38,3.40282346638529e+38,-3.40282346638529e+38,3.40282346638529e+38,-3.40282346638529e+38],"windowRect":[120,147,376,403],"family":"sans","font":1,"cex":1,"useFreeType":true,"fontname":"/home/stephane/Documents/R/librairies/rgl/fonts/FreeSans.ttf","maxClipPlanes":8,"glVersion":4.6,"activeSubscene":0},"embeddings":{"viewport":"inherit","projection":"inherit","model":"inherit","mouse":"inherit"},"objects":12905,"parent":12901,"subscenes":[],"flags":256},"13881":{"id":13881,"type":"subscene","par3d":{"antialias":8,"FOV":30,"ignoreExtent":false,"listeners":12901,"mouseMode":{"none":"none","left":"trackball","right":"zoom","middle":"fov","wheel":"pull"},"observer":[0,0,1658.44543457031],"modelMatrix":[[50.9721527099609,0,0,-136.787750244141],[0,0.201277121901512,2.80581116676331,-244.542388916016],[0,-0.553004324436188,1.02123177051544,-1548.61303710938],[0,0,0,1]],"projMatrix":[[3.73205089569092,0,0,0],[0,3.73205089569092,0,0],[0,0,-3.86370325088501,-5978.50390625],[0,0,-1,0]],"skipRedraw":false,"userMatrix":[[1,0,0,0],[0,0.342020143325668,0.939692620785909,0],[0,-0.939692620785909,0.342020143325668,0],[0,0,0,1]],"userProjection":[[1,0,0,0],[0,1,0,0],[0,0,1,0],[0,0,0,1]],"scale":[50.9721527099609,0.588494896888733,2.98588180541992],"viewport":{"x":0,"y":0,"width":1,"height":1},"zoom":1,"bbox":[3.40282346638529e+38,-3.40282346638529e+38,3.40282346638529e+38,-3.40282346638529e+38,3.40282346638529e+38,-3.40282346638529e+38],"windowRect":[120,147,376,403],"family":"sans","font":1,"cex":1,"useFreeType":true,"fontname":"/home/stephane/Documents/R/librairies/rgl/fonts/FreeSans.ttf","maxClipPlanes":8,"glVersion":4.6,"activeSubscene":0},"embeddings":{"viewport":"inherit","projection":"inherit","model":"inherit","mouse":"inherit"},"objects":12905,"parent":12901,"subscenes":[],"flags":256},"13920":{"id":13920,"type":"subscene","par3d":{"antialias":8,"FOV":30,"ignoreExtent":false,"listeners":12901,"mouseMode":{"none":"none","left":"trackball","right":"zoom","middle":"fov","wheel":"pull"},"observer":[0,0,1658.44543457031],"modelMatrix":[[50.9721527099609,0,0,-136.787750244141],[0,0.201277121901512,2.80581116676331,-244.542388916016],[0,-0.553004324436188,1.02123177051544,-1548.61303710938],[0,0,0,1]],"projMatrix":[[3.73205089569092,0,0,0],[0,3.73205089569092,0,0],[0,0,-3.86370325088501,-5978.50390625],[0,0,-1,0]],"skipRedraw":false,"userMatrix":[[1,0,0,0],[0,0.342020143325668,0.939692620785909,0],[0,-0.939692620785909,0.342020143325668,0],[0,0,0,1]],"userProjection":[[1,0,0,0],[0,1,0,0],[0,0,1,0],[0,0,0,1]],"scale":[50.9721527099609,0.588494896888733,2.98588180541992],"viewport":{"x":0,"y":0,"width":1,"height":1},"zoom":1,"bbox":[3.40282346638529e+38,-3.40282346638529e+38,3.40282346638529e+38,-3.40282346638529e+38,3.40282346638529e+38,-3.40282346638529e+38],"windowRect":[120,147,376,403],"family":"sans","font":1,"cex":1,"useFreeType":true,"fontname":"/home/stephane/Documents/R/librairies/rgl/fonts/FreeSans.ttf","maxClipPlanes":8,"glVersion":4.6,"activeSubscene":0},"embeddings":{"viewport":"inherit","projection":"inherit","model":"inherit","mouse":"inherit"},"objects":12905,"parent":12901,"subscenes":[],"flags":256},"13999":{"id":13999,"type":"subscene","par3d":{"antialias":8,"FOV":30,"ignoreExtent":false,"listeners":12901,"mouseMode":{"none":"none","left":"trackball","right":"zoom","middle":"fov","wheel":"pull"},"observer":[0,0,1658.44543457031],"modelMatrix":[[50.9721527099609,0,0,-136.787750244141],[0,0.201277121901512,2.80581116676331,-244.542388916016],[0,-0.553004324436188,1.02123177051544,-1548.61303710938],[0,0,0,1]],"projMatrix":[[3.73205089569092,0,0,0],[0,3.73205089569092,0,0],[0,0,-3.86370325088501,-5978.50390625],[0,0,-1,0]],"skipRedraw":false,"userMatrix":[[1,0,0,0],[0,0.342020143325668,0.939692620785909,0],[0,-0.939692620785909,0.342020143325668,0],[0,0,0,1]],"userProjection":[[1,0,0,0],[0,1,0,0],[0,0,1,0],[0,0,0,1]],"scale":[50.9721527099609,0.588494896888733,2.98588180541992],"viewport":{"x":0,"y":0,"width":1,"height":1},"zoom":1,"bbox":[3.40282346638529e+38,-3.40282346638529e+38,3.40282346638529e+38,-3.40282346638529e+38,3.40282346638529e+38,-3.40282346638529e+38],"windowRect":[120,147,376,403],"family":"sans","font":1,"cex":1,"useFreeType":true,"fontname":"/home/stephane/Documents/R/librairies/rgl/fonts/FreeSans.ttf","maxClipPla